1 0.210385 0.663475 0.260769 0.300958
0 0.226538 0.077975 0.076154 0.153215
0 0.353077 0.048564 0.043077 0.094391
0 0.461538 0.053352 0.033846 0.103967
0 0.510000 0.058140 0.036923 0.113543
0 0.363462 0.137483 0.042308 0.124487
0 0.403846 0.168947 0.044615 0.151847
0 0.483077 0.125855 0.043077 0.150479
0 0.458462 0.142271 0.033846 0.106703
0 0.471923 0.167579 0.043846 0.124487
0 0.426154 0.198358 0.047692 0.150479
0 0.516154 0.160055 0.047692 0.147743
0 0.554231 0.170315 0.050000 0.179207
0 0.591538 0.149111 0.041538 0.172367
0 0.621538 0.150479 0.038462 0.123119
0 0.659231 0.139535 0.046154 0.155951
0 0.691154 0.124487 0.037692 0.145007
0 0.715769 0.168947 0.046923 0.099863
0 0.659231 0.165527 0.033846 0.117647
0 0.673077 0.194254 0.036923 0.112175
0 0.622308 0.235978 0.032308 0.129959
0 0.567692 0.248290 0.035385 0.110807
0 0.529615 0.243502 0.042308 0.109439
0 0.505385 0.238030 0.036923 0.136799
0 0.456923 0.218194 0.044615 0.135431
0 0.489615 0.279754 0.040769 0.160055
0 0.358846 0.257182 0.051538 0.207934
0 0.398846 0.276334 0.057692 0.191518
0 0.440000 0.296170 0.052308 0.176471
0 0.467308 0.339945 0.050000 0.190150
0 0.520385 0.284542 0.043846 0.098495
0 0.520769 0.351573 0.053846 0.188782
0 0.559615 0.338577 0.039231 0.179207
0 0.588077 0.321477 0.043846 0.161423
0 0.606154 0.365253 0.043077 0.183311
0 0.633462 0.336525 0.050000 0.172367
0 0.633846 0.240082 0.032308 0.091655
0 0.641154 0.276334 0.045385 0.128591
0 0.661154 0.330369 0.036154 0.129959
0 0.676923 0.283174 0.030769 0.155951
0 0.704615 0.249658 0.040000 0.173735
0 0.741154 0.229822 0.031538 0.112175
0 0.708462 0.321477 0.053846 0.183311
0 0.741923 0.290698 0.034615 0.165527
0 0.773462 0.284542 0.048462 0.166895
2 0.568846 0.705882 0.457692 0.588235
