1 0.494863 0.598266 0.126712 0.179191
1 0.191781 0.552023 0.109589 0.202312
1 0.042808 0.557803 0.078767 0.144509
1 0.034247 0.468208 0.054795 0.057803
1 0.010274 0.456647 0.013699 0.046243
1 0.068493 0.419075 0.034247 0.075145
1 0.095890 0.419075 0.027397 0.040462
1 0.049658 0.430636 0.023973 0.052023
1 0.104452 0.476879 0.071918 0.086705
1 0.140411 0.421965 0.027397 0.034682
1 0.123288 0.398844 0.020548 0.023121
1 0.219178 0.424855 0.027397 0.040462
1 0.828767 0.497110 0.116438 0.080925
1 0.172945 0.401734 0.017123 0.028902
1 0.190068 0.404624 0.017123 0.023121
0 0.422945 0.459538 0.030822 0.063584
2 0.645548 0.563584 0.270548 0.109827
2 0.500000 0.887283 0.993151 0.213873
2 0.347603 0.765896 0.688356 0.132948
2 0.272260 0.476879 0.092466 0.028902
