0 0.480208 0.182639 0.041667 0.145833
0 0.515625 0.173611 0.031250 0.147222
0 0.545312 0.179861 0.040625 0.134722
0 0.583854 0.174306 0.042708 0.143056
0 0.652604 0.176389 0.053125 0.169444
0 0.730729 0.176389 0.042708 0.136111
0 0.830729 0.165972 0.042708 0.162500
1 0.953125 0.167361 0.093750 0.093056
1 0.903125 0.167361 0.047917 0.084722
1 0.888542 0.153472 0.054167 0.048611
1 0.842187 0.178472 0.096875 0.079167
1 0.732812 0.143750 0.151042 0.137500
0 0.145313 0.158333 0.032292 0.077778
2 0.374479 0.632639 0.746875 0.731944
2 0.747396 0.596528 0.505208 0.662500
2 0.934896 0.243750 0.130208 0.031944
