1 0.507000 0.859070 0.056000 0.188906
1 0.388500 0.784858 0.075000 0.088456
1 0.500000 0.787106 0.054000 0.059970
1 0.384000 0.731634 0.080000 0.128936
1 0.477500 0.758621 0.039000 0.050975
1 0.498500 0.759370 0.043000 0.046477
1 0.476000 0.731634 0.038000 0.047976
1 0.424500 0.728636 0.027000 0.041979
1 0.435500 0.716642 0.041000 0.044978
1 0.557000 0.697901 0.038000 0.034483
1 0.468000 0.708396 0.022000 0.031484
1 0.441000 0.683658 0.076000 0.044978
1 0.580500 0.698651 0.035000 0.023988
0 0.045000 0.813343 0.032000 0.109445
0 0.054000 0.796852 0.020000 0.094453
0 0.010500 0.802099 0.019000 0.119940
0 0.187000 0.764618 0.016000 0.074963
0 0.208000 0.770615 0.020000 0.068966
0 0.280500 0.781109 0.017000 0.077961
0 0.261500 0.756372 0.015000 0.067466
0 0.238500 0.754873 0.015000 0.067466
0 0.253000 0.752624 0.014000 0.068966
0 0.323500 0.757871 0.017000 0.061469
0 0.897500 0.799850 0.021000 0.079460
0 0.908500 0.791604 0.017000 0.083958
0 0.919500 0.786357 0.019000 0.079460
0 0.930500 0.787856 0.017000 0.079460
0 0.992000 0.797601 0.016000 0.062969
0 0.839500 0.769865 0.015000 0.070465
0 0.825500 0.768366 0.019000 0.073463
0 0.726500 0.725637 0.013000 0.047976
0 0.799000 0.751874 0.016000 0.055472
0 0.787000 0.742879 0.014000 0.055472
0 0.707500 0.731634 0.011000 0.044978
0 0.693500 0.732384 0.013000 0.043478
0 0.657000 0.716642 0.010000 0.038981
