1 0.432857 0.643692 0.154286 0.156542
1 0.186429 0.366822 0.098571 0.084112
1 0.094286 0.367991 0.080000 0.067757
1 0.032857 0.337617 0.060000 0.081776
1 0.677143 0.200935 0.074286 0.065421
1 0.745714 0.190421 0.074286 0.091121
1 0.802143 0.132009 0.067143 0.072430
1 0.850714 0.107477 0.061429 0.056075
1 0.889286 0.079439 0.050000 0.046729
1 0.921429 0.049065 0.054286 0.079439
1 0.952143 0.030374 0.038571 0.046729
1 0.977143 0.018692 0.031429 0.032710
0 0.421429 0.372664 0.025714 0.063084
0 0.447857 0.372664 0.024286 0.063084
0 0.278571 0.351636 0.028571 0.063084
0 0.219286 0.301402 0.030000 0.056075
1 0.232857 0.475467 0.040000 0.100467
