0 0.331667 0.557692 0.046667 0.162722
0 0.306667 0.440828 0.043333 0.136095
0 0.205833 0.752959 0.088333 0.180473
0 0.622500 0.538462 0.038333 0.165680
0 0.670833 0.485207 0.031667 0.159763
0 0.580000 0.304734 0.033333 0.118343
0 0.733333 0.507396 0.036667 0.139053
0 0.785833 0.517751 0.038333 0.153846
0 0.864167 0.495562 0.035000 0.115385
1 0.495000 0.360947 0.093333 0.136095
1 0.368333 0.211538 0.096667 0.068047
1 0.439167 0.181953 0.041667 0.068047
1 0.609167 0.911243 0.188333 0.177515
