0 0.129688 0.324818 0.065625 0.236010
0 0.209375 0.451338 0.096875 0.270073
0 0.210938 0.193431 0.078125 0.192214
0 0.261719 0.164234 0.060937 0.211679
0 0.317969 0.332117 0.076563 0.245742
0 0.438281 0.397810 0.085938 0.289538
0 0.477344 0.253041 0.089063 0.257908
0 0.581250 0.513382 0.081250 0.243309
0 0.667969 0.475669 0.070312 0.231144
0 0.635156 0.270073 0.067187 0.228710
0 0.667969 0.200730 0.060937 0.304136
0 0.731250 0.357664 0.081250 0.223844
0 0.830469 0.209246 0.101562 0.253041
0 0.753906 0.593674 0.089063 0.228710
0 0.817969 0.663017 0.054688 0.216545
0 0.858594 0.731144 0.089063 0.245742
0 0.892969 0.496350 0.107813 0.248175
0 0.894531 0.592457 0.060937 0.192214
