0 0.098000 0.154804 0.044000 0.167260
0 0.136000 0.197509 0.036000 0.145907
0 0.173000 0.149466 0.026000 0.128114
0 0.190000 0.190391 0.028000 0.124555
0 0.217000 0.206406 0.034000 0.128114
0 0.330000 0.124555 0.048000 0.135231
0 0.478000 0.069395 0.028000 0.131673
0 0.503000 0.096085 0.030000 0.113879
0 0.530000 0.101423 0.044000 0.131673
0 0.571000 0.119217 0.038000 0.131673
0 0.642000 0.065836 0.036000 0.124555
0 0.661000 0.074733 0.034000 0.120996
0 0.377000 0.261566 0.050000 0.124555
0 0.314000 0.330961 0.016000 0.142349
0 0.328000 0.341637 0.024000 0.128114
0 0.275000 0.455516 0.062000 0.142349
0 0.414000 0.500000 0.052000 0.138790
0 0.437000 0.460854 0.042000 0.138790
0 0.498000 0.437722 0.036000 0.135231
0 0.525000 0.403915 0.026000 0.138790
0 0.561000 0.387900 0.038000 0.120996
0 0.616000 0.332740 0.028000 0.124555
0 0.646000 0.343416 0.040000 0.124555
0 0.443000 0.702847 0.038000 0.145907
0 0.435000 0.750890 0.038000 0.135231
0 0.484000 0.750890 0.032000 0.106762
0 0.478000 0.814947 0.032000 0.142349
0 0.460000 0.953737 0.036000 0.092527
0 0.502000 0.583630 0.028000 0.135231
0 0.525000 0.629893 0.038000 0.149466
0 0.570000 0.596085 0.040000 0.124555
0 0.581000 0.551601 0.034000 0.113879
0 0.598000 0.443060 0.028000 0.124555
0 0.622000 0.427046 0.036000 0.135231
0 0.603000 0.508897 0.030000 0.135231
0 0.640000 0.606762 0.032000 0.131673
0 0.656000 0.629893 0.028000 0.135231
0 0.677000 0.660142 0.038000 0.153025
0 0.605000 0.797153 0.034000 0.149466
0 0.615000 0.832740 0.038000 0.135231
0 0.656000 0.839858 0.032000 0.149466
0 0.674000 0.855872 0.044000 0.124555
0 0.670000 0.898577 0.036000 0.138790
0 0.702000 0.923488 0.036000 0.131673
0 0.718000 0.823843 0.024000 0.153025
0 0.739000 0.854093 0.030000 0.142349
0 0.760000 0.825623 0.032000 0.128114
0 0.774000 0.788256 0.024000 0.117438
0 0.805000 0.800712 0.034000 0.106762
