0 0.766418 0.579523 0.073134 0.320080
0 0.537313 0.602386 0.059701 0.302187
0 0.482090 0.608350 0.065672 0.306163
0 0.426119 0.734592 0.108955 0.471173
0 0.300746 0.632207 0.102985 0.365805
0 0.213433 0.745527 0.137313 0.481113
0 0.095522 0.617296 0.095522 0.415507
0 0.051493 0.743539 0.100000 0.429423
0 0.912687 0.803181 0.168657 0.385686
0 0.458209 0.444334 0.032836 0.061630
0 0.520149 0.445328 0.022388 0.047714
0 0.554478 0.445328 0.019403 0.043738
0 0.595522 0.446322 0.023881 0.065606
1 0.832836 0.439364 0.062687 0.043738
1 0.973134 0.431412 0.053731 0.059642
1 0.944776 0.427435 0.050746 0.047714
1 0.899254 0.420477 0.067164 0.037773
1 0.797015 0.416501 0.068657 0.045726
1 0.752239 0.423459 0.038806 0.031809
1 0.870149 0.430417 0.038806 0.033797
