1 0.332394 0.444206 0.185915 0.223176
1 0.454930 0.314378 0.129577 0.122318
1 0.650000 0.256438 0.114085 0.122318
1 0.777465 0.260730 0.118310 0.126609
1 0.729577 0.133047 0.095775 0.103004
1 0.845070 0.792918 0.216901 0.306867
0 0.871127 0.437768 0.029577 0.098712
0 0.946479 0.581545 0.047887 0.115880
0 0.966197 0.615880 0.050704 0.094421
0 0.417606 0.179185 0.021127 0.079399
0 0.478169 0.178112 0.018310 0.077253
0 0.233099 0.255365 0.029577 0.085837
1 0.085211 0.055794 0.054930 0.055794
0 0.392958 0.169528 0.016901 0.068670
0 0.233803 0.809013 0.036620 0.085837
0 0.142254 0.138412 0.025352 0.066524
0 0.118310 0.318670 0.019718 0.079399
