0 0.040636 0.730337 0.074205 0.471910
0 0.159011 0.648876 0.091873 0.443820
0 0.242049 0.662921 0.102473 0.370787
0 0.408127 0.747191 0.123675 0.494382
0 0.485866 0.665730 0.130742 0.398876
0 0.657244 0.553371 0.077739 0.185393
0 0.628975 0.713483 0.084806 0.325843
0 0.639576 0.792135 0.077739 0.359551
0 0.742049 0.837079 0.127208 0.314607
0 0.823322 0.679775 0.084806 0.415730
0 0.916961 0.792135 0.109541 0.382022
1 0.798587 0.463483 0.282686 0.601124
1 0.524735 0.485955 0.243816 0.241573
1 0.250883 0.446629 0.282686 0.219101
