0 0.423196 0.586013 0.034021 0.098071
0 0.487629 0.629421 0.035052 0.088424
0 0.551546 0.807074 0.039175 0.102894
0 0.438660 0.905145 0.097938 0.096463
0 0.601031 0.728296 0.037113 0.096463
0 0.642784 0.654341 0.027835 0.083601
0 0.667010 0.708199 0.053608 0.107717
0 0.751031 0.713826 0.023711 0.102894
0 0.773196 0.671222 0.024742 0.123794
0 0.793299 0.600482 0.025773 0.104502
0 0.832474 0.553859 0.040206 0.098071
0 0.810825 0.504019 0.025773 0.101286
0 0.655155 0.531350 0.027835 0.110932
0 0.634536 0.522508 0.015464 0.109325
1 0.704124 0.389871 0.134021 0.155949
1 0.377320 0.390675 0.125773 0.093248
1 0.281443 0.409164 0.090722 0.130225
1 0.194845 0.438103 0.094845 0.139871
1 0.284021 0.269293 0.075258 0.098071
1 0.205155 0.305466 0.088660 0.086817
1 0.097938 0.286977 0.065979 0.065916
1 0.207732 0.155949 0.091753 0.102894
1 0.145876 0.197749 0.104124 0.086817
1 0.086082 0.125402 0.085567 0.073955
1 0.144845 0.096463 0.073196 0.080386
1 0.043299 0.044212 0.082474 0.085209
1 0.118557 0.036174 0.061856 0.065916
