1 0.161979 0.506250 0.084375 0.051389
1 0.097917 0.526389 0.085417 0.047222
1 0.078125 0.581250 0.077083 0.054167
1 0.093750 0.475000 0.072917 0.036111
1 0.041146 0.488194 0.080208 0.040278
1 0.604688 0.425000 0.076042 0.069444
1 0.667708 0.406250 0.052083 0.062500
1 0.650000 0.368056 0.058333 0.061111
1 0.717187 0.352778 0.059375 0.041667
1 0.696875 0.330556 0.054167 0.063889
1 0.736979 0.297222 0.038542 0.050000
1 0.766667 0.317361 0.045833 0.056944
1 0.797917 0.281250 0.043750 0.048611
1 0.781250 0.255556 0.043750 0.041667
1 0.833333 0.252083 0.043750 0.045833
1 0.867708 0.217361 0.039583 0.043056
1 0.894271 0.184028 0.034375 0.040278
1 0.917708 0.693750 0.154167 0.120833
0 0.783854 0.629167 0.040625 0.069444
0 0.451042 0.549306 0.025000 0.051389
0 0.484375 0.538889 0.020833 0.041667
0 0.505729 0.556250 0.026042 0.056944
0 0.535417 0.590278 0.020833 0.050000
0 0.543750 0.602778 0.016667 0.050000
0 0.630208 0.490972 0.022917 0.043056
0 0.672396 0.504167 0.015625 0.055556
0 0.689583 0.477778 0.018750 0.052778
0 0.365104 0.718750 0.032292 0.070833
0 0.326562 0.766667 0.023958 0.077778
0 0.330729 0.565972 0.023958 0.054167
0 0.289583 0.464583 0.022917 0.056944
