0 0.400000 0.590000 0.090000 0.206667
0 0.563333 0.644444 0.050000 0.191111
0 0.591667 0.616667 0.060000 0.220000
0 0.710833 0.622222 0.061667 0.217778
0 0.776667 0.605556 0.050000 0.180000
1 0.658333 0.566667 0.196667 0.133333
1 0.460000 0.504444 0.183333 0.111111
1 0.626667 0.498889 0.236667 0.117778
1 0.817500 0.528889 0.085000 0.053333
1 0.923333 0.544444 0.100000 0.062222
1 0.966667 0.574444 0.066667 0.073333
0 0.220833 0.504444 0.035000 0.080000
0 0.074167 0.500000 0.031667 0.093333
1 0.036667 0.488889 0.070000 0.097778
