0 0.411765 0.500980 0.023529 0.072549
0 0.530882 0.422549 0.023529 0.060784
0 0.580882 0.437255 0.014706 0.050980
0 0.473529 0.343137 0.023529 0.050980
0 0.268382 0.848039 0.027941 0.084314
0 0.208088 0.896078 0.027941 0.070588
0 0.132353 0.880392 0.038235 0.062745
0 0.083088 0.836275 0.048529 0.052941
0 0.225000 0.237255 0.020588 0.058824
0 0.184559 0.238235 0.019118 0.049020
0 0.171324 0.234314 0.019118 0.064706
1 0.136765 0.200000 0.094118 0.050980
1 0.935294 0.346078 0.129412 0.123529
1 0.452206 0.094118 0.030882 0.066667
1 0.490441 0.089216 0.027941 0.060784
1 0.444853 0.046078 0.025000 0.037255
1 0.480147 0.044118 0.030882 0.045098
1 0.262500 0.055882 0.039706 0.052941
1 0.297794 0.054902 0.027941 0.047059
