1 0.310000 0.196296 0.126667 0.059259
1 0.370833 0.144444 0.125000 0.048148
1 0.610000 0.210185 0.136667 0.061111
1 0.704167 0.170370 0.115000 0.074074
1 0.927500 0.232407 0.145000 0.116667
1 0.049167 0.726852 0.095000 0.075926
1 0.035833 0.812037 0.068333 0.090741
1 0.100833 0.887963 0.198333 0.094444
0 0.266667 0.629630 0.050000 0.077778
0 0.425833 0.898148 0.045000 0.092593
0 0.810000 0.132407 0.023333 0.053704
0 0.772500 0.136111 0.035000 0.046296
1 0.895833 0.828704 0.121667 0.127778
1 0.721667 0.055556 0.060000 0.029630
1 0.815833 0.067593 0.045000 0.038889
1 0.711667 0.025926 0.100000 0.048148
1 0.825000 0.021296 0.050000 0.024074
1 0.910833 0.029630 0.048333 0.022222
1 0.873333 0.047222 0.060000 0.031481
1 0.930000 0.633333 0.060000 0.033333
1 0.879167 0.612037 0.081667 0.038889
1 0.846667 0.590741 0.066667 0.033333
1 0.804167 0.579630 0.068333 0.037037
