0 0.056667 0.610000 0.056667 0.220000
0 0.123333 0.598333 0.040000 0.230000
0 0.210000 0.611667 0.060000 0.230000
0 0.267500 0.616667 0.055000 0.220000
0 0.329167 0.620000 0.058333 0.206667
0 0.387500 0.636667 0.061667 0.226667
0 0.443333 0.635000 0.046667 0.223333
0 0.514167 0.650000 0.055000 0.193333
0 0.563333 0.633333 0.046667 0.213333
0 0.628333 0.648333 0.043333 0.196667
0 0.679167 0.640000 0.058333 0.220000
0 0.748333 0.633333 0.053333 0.233333
0 0.889167 0.648333 0.051667 0.203333
0 0.957500 0.656667 0.051667 0.226667
1 0.440000 0.333333 0.050000 0.053333
1 0.580000 0.341667 0.040000 0.076667
1 0.546667 0.318333 0.043333 0.056667
1 0.621667 0.341667 0.050000 0.070000
1 0.494167 0.313333 0.038333 0.046667
