0 0.287750 0.782543 0.031500 0.079759
0 0.319500 0.823928 0.023000 0.073740
0 0.348500 0.783672 0.027000 0.059443
0 0.384750 0.775019 0.029500 0.066215
0 0.570250 0.479684 0.016500 0.060948
0 0.600250 0.493604 0.020500 0.060196
0 0.584250 0.464259 0.018500 0.057186
0 0.648250 0.331076 0.030500 0.081264
0 0.502250 0.377351 0.023500 0.060948
0 0.534000 0.253950 0.026000 0.060948
0 0.482750 0.197517 0.019500 0.063958
0 0.207500 0.630173 0.023000 0.066968
0 0.174000 0.613995 0.031000 0.066215
0 0.185000 0.519940 0.028000 0.055681
0 0.474500 0.860045 0.024000 0.058691
0 0.496500 0.881114 0.021000 0.057186
1 0.779250 0.072987 0.073500 0.084274
1 0.758000 0.033108 0.077000 0.064710
1 0.846500 0.021068 0.073000 0.040632
1 0.973750 0.142588 0.052500 0.091046
