0 0.095000 0.147687 0.030000 0.145907
0 0.133000 0.201068 0.034000 0.145907
0 0.175000 0.154804 0.034000 0.131673
0 0.191000 0.190391 0.034000 0.124555
0 0.218000 0.206406 0.036000 0.142349
0 0.326000 0.122776 0.044000 0.138790
0 0.481000 0.080071 0.030000 0.117438
0 0.506000 0.094306 0.024000 0.117438
0 0.530000 0.099644 0.032000 0.128114
0 0.571000 0.119217 0.038000 0.131673
0 0.643000 0.065836 0.038000 0.124555
0 0.661000 0.074733 0.034000 0.128114
0 0.674000 0.024911 0.024000 0.042705
0 0.621000 0.330961 0.030000 0.120996
0 0.640000 0.341637 0.032000 0.120996
0 0.374000 0.265125 0.032000 0.131673
0 0.270000 0.448399 0.028000 0.135231
0 0.314000 0.323843 0.028000 0.120996
0 0.325000 0.343416 0.026000 0.124555
0 0.376000 0.370107 0.040000 0.135231
0 0.417000 0.496441 0.042000 0.124555
0 0.429000 0.453737 0.038000 0.131673
0 0.496000 0.435943 0.036000 0.124555
0 0.526000 0.396797 0.032000 0.103203
0 0.557000 0.395018 0.030000 0.113879
0 0.538000 0.457295 0.028000 0.117438
0 0.562000 0.480427 0.032000 0.120996
0 0.579000 0.548043 0.030000 0.128114
0 0.563000 0.553381 0.030000 0.124555
0 0.597000 0.439502 0.026000 0.124555
0 0.620000 0.428826 0.032000 0.124555
0 0.615000 0.478648 0.030000 0.117438
0 0.602000 0.505338 0.036000 0.120996
0 0.565000 0.594306 0.038000 0.135231
0 0.503000 0.585409 0.026000 0.131673
0 0.512000 0.604982 0.024000 0.128114
0 0.520000 0.644128 0.040000 0.135231
0 0.644000 0.604982 0.032000 0.135231
0 0.657000 0.624555 0.034000 0.138790
0 0.675000 0.658363 0.034000 0.135231
0 0.442000 0.711744 0.028000 0.142349
0 0.429000 0.743772 0.042000 0.128114
0 0.348000 0.873665 0.028000 0.117438
0 0.514000 0.740214 0.040000 0.128114
0 0.479000 0.758007 0.034000 0.120996
0 0.477000 0.814947 0.038000 0.135231
0 0.604000 0.800712 0.032000 0.135231
0 0.611000 0.832740 0.038000 0.142349
0 0.457000 0.957295 0.034000 0.085409
0 0.656000 0.841637 0.036000 0.145907
0 0.673000 0.843416 0.034000 0.085409
0 0.667000 0.900356 0.038000 0.135231
0 0.700000 0.921708 0.036000 0.142349
0 0.721000 0.822064 0.030000 0.149466
0 0.738000 0.862989 0.036000 0.160142
0 0.757000 0.811388 0.030000 0.085409
0 0.775000 0.807829 0.030000 0.135231
0 0.805000 0.820285 0.034000 0.153025
0 0.905000 0.969751 0.030000 0.060498
0 0.852000 0.976868 0.036000 0.046263
0 0.816000 0.380783 0.032000 0.142349
0 0.901000 0.519573 0.034000 0.149466
0 0.913000 0.610320 0.034000 0.145907
0 0.945000 0.592527 0.034000 0.117438
2 0.330000 0.243772 0.492000 0.466192
2 0.245000 0.156584 0.486000 0.306050
2 0.464000 0.313167 0.280000 0.284698
2 0.632000 0.503559 0.432000 0.174377
2 0.332000 0.690391 0.164000 0.206406
2 0.189000 0.535587 0.266000 0.160142
2 0.598000 0.777580 0.556000 0.430605
2 0.645000 0.870107 0.486000 0.259786
2 0.714000 0.169039 0.312000 0.330961
2 0.808000 0.103203 0.204000 0.199288
