0 0.580597 0.482474 0.101493 0.412371
0 0.793284 0.480412 0.111940 0.428866
0 0.922388 0.489691 0.125373 0.418557
0 0.752985 0.380412 0.061194 0.224742
0 0.653731 0.458763 0.083582 0.385567
0 0.545522 0.428866 0.073134 0.288660
0 0.508209 0.393814 0.055224 0.222680
0 0.462687 0.381443 0.059701 0.214433
0 0.385821 0.381443 0.076119 0.235052
0 0.338060 0.358763 0.049254 0.152577
0 0.288806 0.321649 0.094030 0.197938
0 0.231343 0.343299 0.044776 0.084536
0 0.173134 0.312371 0.059701 0.076289
0 0.114925 0.298969 0.059701 0.070103
0 0.260448 0.289691 0.052239 0.080412
1 0.281343 0.652577 0.559701 0.686598
2 0.708209 0.772165 0.583582 0.447423
2 0.895522 0.648454 0.208955 0.146392
