2 0.370833 0.805556 0.738333 0.388889
2 0.370833 0.707778 0.738333 0.268889
2 0.295000 0.546667 0.310000 0.062222
2 0.775833 0.518889 0.331667 0.037778
1 0.745000 0.492222 0.030000 0.028889
1 0.663333 0.491111 0.030000 0.026667
1 0.685000 0.483333 0.026667 0.024444
1 0.720000 0.485556 0.030000 0.024444
1 0.751667 0.482222 0.026667 0.026667
1 0.763333 0.482222 0.026667 0.031111
1 0.833333 0.460000 0.016667 0.013333
1 0.752500 0.458889 0.015000 0.024444
1 0.785000 0.463333 0.056667 0.046667
1 0.845833 0.460000 0.015000 0.013333
1 0.559167 0.482222 0.048333 0.026667
1 0.445000 0.478889 0.030000 0.020000
1 0.474167 0.480000 0.038333 0.022222
1 0.496667 0.473333 0.030000 0.026667
1 0.153333 0.494444 0.053333 0.033333
1 0.089167 0.484444 0.041667 0.035556
1 0.051667 0.496667 0.033333 0.024444
