2 0.153125 0.728503 0.197917 0.335987
2 0.244271 0.627389 0.198958 0.235669
2 0.342187 0.478503 0.213542 0.062102
2 0.444792 0.595541 0.137500 0.210191
2 0.632292 0.470541 0.247917 0.062102
2 0.488542 0.410828 0.077083 0.082803
2 0.683333 0.417197 0.310417 0.124204
2 0.671354 0.392516 0.257292 0.093949
2 0.689063 0.604299 0.298958 0.269108
2 0.814583 0.626592 0.237500 0.262739
1 0.827604 0.335191 0.044792 0.036624
1 0.691146 0.392516 0.059375 0.046178
1 0.942187 0.288217 0.026042 0.031847
1 0.100000 0.494427 0.143750 0.097134
1 0.278646 0.410828 0.092708 0.066879
