1 0.267969 0.448454 0.093750 0.131443
1 0.628906 0.535438 0.145313 0.181701
1 0.420312 0.663660 0.093750 0.121134
1 0.331250 0.605670 0.081250 0.097938
1 0.109766 0.838918 0.144531 0.152062
1 0.205859 0.942655 0.119531 0.104381
1 0.670703 0.425902 0.049219 0.055412
1 0.659375 0.335052 0.042188 0.051546
1 0.198828 0.392397 0.060156 0.060567
1 0.210156 0.334407 0.050000 0.055412
1 0.167578 0.333119 0.049219 0.060567
1 0.214844 0.278995 0.098437 0.114691
1 0.265625 0.241624 0.039062 0.039948
1 0.142578 0.277062 0.041406 0.046392
1 0.117578 0.300258 0.038281 0.048969
1 0.098437 0.329897 0.039062 0.048969
1 0.695703 0.339562 0.042969 0.063144
1 0.642578 0.318299 0.042969 0.041237
1 0.630078 0.181057 0.032031 0.037371
1 0.366016 0.322165 0.042969 0.048969
1 0.389453 0.280928 0.041406 0.041237
1 0.156250 0.157216 0.031250 0.033505
1 0.038672 0.227448 0.025781 0.050258
1 0.061328 0.213918 0.027344 0.036082
1 0.028125 0.195232 0.037500 0.042526
1 0.009375 0.172680 0.017188 0.041237
1 0.774219 0.349227 0.032813 0.041237
1 0.807813 0.363402 0.035937 0.041237
1 0.746484 0.317010 0.032031 0.036082
1 0.715234 0.304124 0.035156 0.041237
1 0.749609 0.282861 0.028906 0.037371
1 0.831250 0.303479 0.023438 0.032216
1 0.987891 0.679768 0.024219 0.065722
0 0.708203 0.862758 0.019531 0.060567
0 0.742188 0.605026 0.018750 0.047680
0 0.794141 0.621134 0.016406 0.048969
0 0.803516 0.630155 0.016406 0.051546
0 0.810937 0.717139 0.017188 0.065722
0 0.844922 0.625000 0.019531 0.048969
0 0.867188 0.631443 0.017188 0.051546
0 0.895703 0.587629 0.017969 0.046392
0 0.065234 0.619201 0.025781 0.057990
0 0.087109 0.577964 0.021094 0.050258
0 0.100781 0.540593 0.018750 0.045103
0 0.477734 0.273196 0.010156 0.030928
0 0.493359 0.270619 0.011719 0.030928
1 0.427734 0.765464 0.041406 0.069588
