0 0.243382 0.433824 0.086765 0.289216
0 0.424265 0.591912 0.142647 0.424020
0 0.597059 0.497549 0.085294 0.250000
0 0.627206 0.419118 0.083824 0.284314
0 0.777206 0.517157 0.069118 0.284314
0 0.796324 0.469363 0.060294 0.345588
0 0.763971 0.439951 0.054412 0.272059
0 0.388971 0.530637 0.107353 0.370098
0 0.446324 0.460784 0.089706 0.343137
0 0.045588 0.431373 0.088235 0.259804
1 0.360294 0.393382 0.105882 0.144608
1 0.466912 0.349265 0.039706 0.071078
1 0.516912 0.363971 0.060294 0.080882
1 0.556618 0.328431 0.016176 0.024510
1 0.577206 0.329657 0.016176 0.022059
1 0.571324 0.314951 0.022059 0.026961
2 0.521324 0.569853 0.954412 0.120098
2 0.500735 0.819853 0.998529 0.355392
