1 0.528472 0.704593 0.184722 0.127349
1 0.745139 0.651357 0.137500 0.133612
1 0.846528 0.554280 0.081944 0.127349
1 0.893750 0.456159 0.059722 0.106472
1 0.968750 0.435282 0.062500 0.093946
1 0.882639 0.372651 0.059722 0.089770
1 0.931250 0.315240 0.056944 0.079332
1 0.990278 0.331942 0.019444 0.083507
1 0.951389 0.255741 0.050000 0.068894
1 0.884028 0.157620 0.045833 0.052192
1 0.851389 0.277662 0.055556 0.087683
1 0.829861 0.235908 0.043056 0.062630
1 0.809722 0.177453 0.044444 0.075157
1 0.840972 0.152401 0.037500 0.054280
1 0.784722 0.140919 0.033333 0.052192
0 0.174306 0.631524 0.031944 0.089770
0 0.075000 0.626305 0.025000 0.087683
0 0.068056 0.676409 0.030556 0.100209
0 0.098611 0.680585 0.030556 0.096033
0 0.356944 0.590814 0.047222 0.091858
0 0.377778 0.531315 0.033333 0.089770
0 0.535417 0.483299 0.026389 0.085595
0 0.968750 0.058455 0.012500 0.041754
2 0.273611 0.805846 0.358333 0.388309
2 0.163889 0.796451 0.325000 0.398747
0 0.103472 0.461378 0.020833 0.070981
