0 0.378750 0.772761 0.027500 0.058691
0 0.346750 0.788187 0.022500 0.056433
0 0.319250 0.811136 0.029500 0.046652
0 0.293000 0.773138 0.027000 0.054929
0 0.207250 0.631302 0.024500 0.055681
0 0.171500 0.612491 0.027000 0.060196
0 0.184500 0.517682 0.032000 0.061701
0 0.503500 0.373965 0.025000 0.057186
0 0.570500 0.480813 0.023000 0.063205
0 0.585250 0.465764 0.018500 0.054176
0 0.599000 0.487585 0.025000 0.057186
0 0.647750 0.325056 0.024500 0.052671
0 0.534250 0.249059 0.016500 0.049661
0 0.534750 0.210685 0.013500 0.037622
0 0.485750 0.191874 0.017500 0.054176
0 0.473250 0.863807 0.023500 0.057186
0 0.495500 0.875094 0.020000 0.042137
2 0.209750 0.775019 0.263500 0.439428
2 0.127750 0.829571 0.237500 0.340858
2 0.499250 0.693002 0.172500 0.401806
2 0.732500 0.702784 0.320000 0.460497
2 0.828500 0.759217 0.282000 0.462002
2 0.692500 0.435290 0.222000 0.110609
2 0.557500 0.268623 0.111000 0.236268
2 0.339500 0.441309 0.325000 0.116629
2 0.695500 0.193755 0.175000 0.172310
2 0.310500 0.168924 0.245000 0.181339
2 0.715000 0.148608 0.155000 0.149737
2 0.355500 0.209556 0.286000 0.211437
1 0.780000 0.068096 0.054000 0.075997
1 0.973750 0.142588 0.052500 0.069977
1 0.979000 0.231753 0.042000 0.076749
