1 0.326761 0.447425 0.171831 0.225322
1 0.450704 0.320815 0.132394 0.122318
1 0.842958 0.803648 0.204225 0.319742
1 0.649296 0.256438 0.098592 0.105150
1 0.779577 0.262876 0.102817 0.118026
1 0.730282 0.136266 0.085915 0.083691
1 0.080282 0.064378 0.045070 0.055794
1 0.061268 0.028970 0.035211 0.053648
1 0.702113 0.461373 0.046479 0.103004
0 0.868310 0.432403 0.029577 0.087983
0 0.947887 0.581545 0.042254 0.090129
0 0.964085 0.613734 0.049296 0.098712
0 0.814789 0.406652 0.023944 0.083691
0 0.919014 0.320815 0.032394 0.075107
0 0.971127 0.315451 0.035211 0.081545
0 0.211972 0.803648 0.029577 0.079399
0 0.232394 0.807940 0.030986 0.087983
0 0.112676 0.313305 0.028169 0.072961
0 0.228873 0.259657 0.023944 0.064378
0 0.236620 0.240343 0.025352 0.060086
0 0.212676 0.275751 0.028169 0.079399
0 0.201408 0.262876 0.019718 0.070815
0 0.122535 0.175966 0.022535 0.068670
0 0.106338 0.185622 0.023944 0.066524
0 0.141549 0.137339 0.023944 0.072961
0 0.085915 0.114807 0.019718 0.057940
0 0.388732 0.165236 0.019718 0.072961
0 0.403521 0.160944 0.018310 0.047210
0 0.416197 0.169528 0.018310 0.064378
0 0.359155 0.154506 0.019718 0.068670
0 0.262676 0.092275 0.015493 0.051502
0 0.235915 0.072961 0.015493 0.051502
0 0.209155 0.034335 0.018310 0.051502
0 0.191549 0.037554 0.019718 0.049356
0 0.119014 0.016094 0.012676 0.027897
0 0.129577 0.015021 0.014085 0.025751
0 0.478873 0.173820 0.019718 0.068670
0 0.497183 0.187768 0.019718 0.066524
0 0.447887 0.177039 0.019718 0.066524
0 0.473239 0.134120 0.019718 0.057940
0 0.580986 0.136266 0.018310 0.066524
0 0.593662 0.130901 0.018310 0.060086
0 0.654225 0.113734 0.021127 0.064378
0 0.066901 0.387339 0.038028 0.083691
0 0.053521 0.375536 0.030986 0.072961
0 0.057746 0.299356 0.022535 0.062232
2 0.356338 0.574034 0.208451 0.281116
2 0.600704 0.434549 0.288732 0.156652
2 0.639437 0.305794 0.270423 0.182403
2 0.447887 0.284335 0.129577 0.118026
2 0.340845 0.250000 0.146479 0.087983
2 0.307042 0.377682 0.169014 0.090129
2 0.147887 0.596567 0.205634 0.231760
2 0.556338 0.690987 0.357746 0.351931
2 0.673239 0.798283 0.385915 0.403433
