1 0.323200 0.309538 0.202400 0.597481
0 0.554200 0.200360 0.036400 0.160768
0 0.532000 0.203959 0.036000 0.128374
0 0.487600 0.188062 0.037600 0.136173
0 0.509400 0.186563 0.030800 0.112777
0 0.584600 0.188362 0.035600 0.139172
0 0.597000 0.194061 0.025200 0.108578
0 0.607600 0.180864 0.023200 0.112178
0 0.644400 0.194361 0.033600 0.129574
0 0.629200 0.194061 0.027200 0.112178
0 0.681800 0.188962 0.032400 0.122376
0 0.704400 0.201860 0.028000 0.108578
0 0.730000 0.196461 0.029600 0.122975
0 0.770200 0.201260 0.038800 0.124175
0 0.753200 0.188362 0.020800 0.083983
0 0.808200 0.204559 0.032400 0.119976
0 0.824000 0.196161 0.027200 0.117576
0 0.793600 0.195561 0.028800 0.109178
0 0.657200 0.189262 0.018400 0.088182
0 0.853000 0.193761 0.029200 0.119976
0 0.862600 0.194061 0.022000 0.079784
1 0.888400 0.196461 0.041600 0.125375
0 0.877400 0.198560 0.024400 0.098380
0 0.925600 0.197660 0.023200 0.077385
0 0.907400 0.190162 0.021200 0.086383
0 0.968000 0.199760 0.042400 0.127175
0 0.975800 0.193461 0.033200 0.109778
0 0.993000 0.200960 0.013200 0.106779
0 0.219000 0.173965 0.010800 0.039592
0 0.211400 0.172765 0.010800 0.040792
1 0.349400 0.188962 0.078800 0.076785
1 0.395200 0.184763 0.082400 0.053989
1 0.438800 0.176365 0.039200 0.032394
1 0.420000 0.171566 0.023200 0.026395
1 0.404200 0.167067 0.026800 0.025795
1 0.371000 0.160468 0.026000 0.018596
1 0.172800 0.173665 0.054400 0.029394
1 0.023800 0.169166 0.046800 0.028794
