0 0.505833 0.681111 0.075000 0.313333
0 0.435000 0.635556 0.053333 0.266667
0 0.355000 0.661111 0.066667 0.313333
0 0.274167 0.705556 0.081667 0.442222
0 0.195833 0.622222 0.078333 0.284444
0 0.135000 0.556667 0.033333 0.117778
0 0.111667 0.547778 0.033333 0.117778
1 0.711667 0.517778 0.060000 0.031111
1 0.929167 0.541111 0.051667 0.033333
1 0.878333 0.527778 0.063333 0.028889
1 0.808333 0.518889 0.070000 0.033333
1 0.104167 0.512222 0.061667 0.068889
1 0.157500 0.508889 0.081667 0.075556
1 0.157500 0.475556 0.068333 0.044444
1 0.354167 0.594444 0.121667 0.135556
1 0.260000 0.555556 0.070000 0.093333
1 0.364167 0.513333 0.058333 0.062222
1 0.496667 0.497778 0.020000 0.022222
1 0.565000 0.506667 0.043333 0.031111
1 0.740000 0.517778 0.063333 0.031111
1 0.986667 0.521111 0.026667 0.051111
1 0.469167 0.500000 0.025000 0.026667
1 0.475000 0.486667 0.030000 0.031111
