0 0.348780 0.656393 0.153659 0.687215
0 0.508537 0.656393 0.160976 0.678082
0 0.473780 0.534247 0.069512 0.315068
0 0.575000 0.587900 0.084146 0.472603
0 0.644512 0.590183 0.084146 0.481735
0 0.614024 0.466895 0.050000 0.221461
0 0.660366 0.408676 0.042683 0.159817
0 0.834146 0.681507 0.121951 0.636986
0 0.782317 0.613014 0.110976 0.691781
0 0.954268 0.598174 0.081707 0.529680
0 0.200610 0.512557 0.071951 0.353881
0 0.269512 0.433790 0.041463 0.155251
0 0.275610 0.374429 0.029268 0.105023
0 0.315854 0.406393 0.039024 0.150685
1 0.027439 0.493151 0.052439 0.310502
1 0.100610 0.378995 0.130488 0.109589
1 0.203659 0.317352 0.041463 0.068493
1 0.264024 0.344749 0.030488 0.054795
1 0.934756 0.485160 0.115854 0.111872
1 0.711585 0.381279 0.074390 0.082192
