1 0.476364 0.743341 0.105455 0.203390
1 0.414545 0.941889 0.167273 0.116223
1 0.774545 0.970944 0.185455 0.058111
1 0.961818 0.523002 0.076364 0.062954
1 0.617273 0.490315 0.067273 0.036320
1 0.404545 0.487893 0.041818 0.041162
1 0.294545 0.497579 0.083636 0.041162
1 0.274545 0.605327 0.090909 0.087167
1 0.169091 0.702179 0.138182 0.125908
1 0.065455 0.829298 0.127273 0.200969
1 0.438182 0.445521 0.025455 0.033898
1 0.412727 0.468523 0.029091 0.031477
1 0.464545 0.426150 0.020000 0.024213
1 0.548182 0.412833 0.027273 0.036320
1 0.478182 0.407990 0.018182 0.021792
