1 0.114000 0.703313 0.136000 0.207831
1 0.048000 0.762048 0.064000 0.090361
1 0.276000 0.900602 0.168000 0.198795
1 0.343000 0.900602 0.082000 0.096386
1 0.384000 0.825301 0.068000 0.096386
1 0.287000 0.743976 0.070000 0.078313
1 0.233000 0.774096 0.070000 0.072289
1 0.206000 0.656627 0.064000 0.072289
1 0.149000 0.664157 0.062000 0.069277
1 0.092000 0.590361 0.068000 0.078313
1 0.137000 0.554217 0.054000 0.066265
1 0.013000 0.587349 0.022000 0.072289
1 0.058000 0.521084 0.080000 0.066265
1 0.021000 0.503012 0.038000 0.072289
1 0.100000 0.441265 0.072000 0.063253
1 0.275000 0.509036 0.046000 0.060241
1 0.346000 0.608434 0.056000 0.072289
1 0.419000 0.739458 0.070000 0.099398
1 0.522000 0.837349 0.056000 0.108434
1 0.086000 0.929217 0.076000 0.111446
1 0.615000 0.978916 0.078000 0.042169
1 0.517000 0.402108 0.074000 0.045181
1 0.524000 0.343373 0.052000 0.042169
1 0.601000 0.430723 0.074000 0.036145
1 0.706000 0.429217 0.064000 0.045181
1 0.788000 0.411145 0.068000 0.051205
1 0.870000 0.411145 0.060000 0.045181
1 0.883000 0.438253 0.062000 0.045181
1 0.945000 0.409639 0.066000 0.048193
1 0.665000 0.390060 0.170000 0.081325
1 0.317000 0.201807 0.042000 0.036145
1 0.268000 0.210843 0.044000 0.036145
1 0.228000 0.209337 0.044000 0.039157
1 0.282000 0.155120 0.084000 0.075301
1 0.305000 0.180723 0.038000 0.048193
1 0.250000 0.352410 0.040000 0.114458
1 0.353000 0.177711 0.034000 0.042169
1 0.336000 0.128012 0.036000 0.045181
1 0.388000 0.150602 0.036000 0.036145
1 0.372000 0.135542 0.036000 0.036145
1 0.514000 0.149096 0.036000 0.033133
1 0.548000 0.188253 0.032000 0.033133
1 0.573000 0.210843 0.046000 0.048193
1 0.590000 0.221386 0.040000 0.033133
1 0.609000 0.231928 0.042000 0.036145
1 0.633000 0.245482 0.050000 0.039157
1 0.672000 0.262048 0.048000 0.042169
1 0.619000 0.341867 0.066000 0.033133
1 0.366000 0.115964 0.036000 0.033133
1 0.418000 0.125000 0.036000 0.039157
1 0.407000 0.109940 0.034000 0.033133
1 0.396000 0.094880 0.032000 0.033133
1 0.458000 0.091867 0.032000 0.033133
1 0.436000 0.087349 0.032000 0.030120
1 0.459000 0.067771 0.034000 0.027108
1 0.484000 0.048193 0.028000 0.030120
0 0.375000 0.387048 0.018000 0.045181
0 0.394000 0.379518 0.016000 0.048193
0 0.431000 0.465361 0.018000 0.063253
0 0.465000 0.457831 0.018000 0.048193
0 0.480000 0.475904 0.020000 0.048193
0 0.535000 0.513554 0.018000 0.057229
0 0.497000 0.439759 0.014000 0.036145
0 0.529000 0.462349 0.018000 0.051205
0 0.505000 0.516566 0.018000 0.051205
0 0.454000 0.375000 0.016000 0.045181
0 0.412000 0.349398 0.016000 0.042169
0 0.388000 0.343373 0.016000 0.042169
0 0.407000 0.328313 0.018000 0.042169
0 0.960000 0.847892 0.024000 0.063253
0 0.983000 0.888554 0.026000 0.066265
